437 047 403 300 488 138 404 110 095 445 151 074 054 173 354 184 491 331 002 063 120 257 241 459 163 466 375 174 045 248 197 
171                                                                                                                     207 
350                                                                                                                     087 
395                                                                                                                     250 
391                                                                                                                     490 
183                                                         232                                                         085 
193                                                     305 226 135                                                     258 
130                                                 442 433 419 460 430                                                 345 
109                                             467 338 238 280 077 359 164                                             208 
412                                         014 195 458 321 496 031 182 271 059                                         212 
336                                                 470 090 111 420 143                                                 065 
052                                             037 328 189 218 342 102 026                                             325 
394                                         240 486 324 178 422 472 022 134 003                                         399 
070                                     082 029 353 013 185 402 352 204 367 153 474                                     429 
267                                 373 306 140 299 176 225 311 061 398 400 308 475 114                                 152 
020                                         385 389 145 310 229 159 215 098 038                                         032 
493                                     089 104 001 411 427 480 179 205 136 428 351                                     042 
283                                 327 454 494 160 236 409 057 307 263 191 298 344 121                                 423 
341                             071 441 256 294 410 251 371 083 213 034 275 269 414 221 499                             177 
105                         492 449 249 314 028 247 356 081 476 223 097 369 119 118 040 431 137                         355 
217                                 158 370 044 361 124 286 194 304 358 274 270 296 416                                 201 
069                             282 309 397 260 364 107 219 009 181 330 056 016 245 200 091                             131 
485                         456 440 227 188 206 273 333 214 155 447 276 332 284 278 144 477 242                         122 
357                     133 390 220 228 015 165 372 127 168 078 484 443 334 117 027 468 080 116 017                     058 
421                 417 302 469 064 126 343 156 008 234 368 199 172 066 313 025 072 049 386 055 262 288                 457 
169                                                     329 382 010                                                     233 
265                                                     465 062 362                                                     290 
387                                                     222 041 237                                                     426 
339                                                                                                                     033 
125                                                                                                                     489 
005                                                                                                                     101 
261                                                                                                                     366 
462 196 180 216 381 050 246 046 363 439 405 048 481 326 495 007 230 365 023 487 053 094 383 346 471 418 446 320 285 142 415
